float W1[4][12] = {
    {-7.5557366e-02, -7.7905715e-01, -2.6648030e-01, 6.7855555e-01,
     -1.8263507e-01, 8.6225140e-01, 5.4415994e+00, 2.2658474e+00,
     -4.6934423e+00, 4.1443763e+00, -8.1006753e-01, -3.3740759e-02},
    {-3.0457568e+00, -2.5109894e+00, -6.4813271e-02, 4.3935785e+00,
     -4.3528047e-01, 3.4338536e+00, -4.6316075e+00, 2.5888834e+00,
     4.2027698e+00, -2.4557872e+00, -2.2090600e+00, -5.0891161e-02},
    {4.9982233e+00, 5.2997575e+00, 3.3934039e-01, -4.4725795e+00,
     -3.6699471e-01, -3.1447611e+00, -1.1000062e+00, -4.4636002e+00,
     4.2535205e+00, -1.3003449e+00, 5.2557139e+00, 5.1882267e-03},
    {0.3620045, 0.40119866, -0.09155018, 0.37035394, 0., 0.15682666,
     0.5481937, 0.3831169, 0.72682804, 0.23089291, 0.30508232, 0.},
};
float W2[13][9] = {
    {3.755548, -0.8911848, -7.2258387, -3.5661955, 0.3569173, 3.6206107, 1.4746633, -7.3033338, -0.02550357},
    {4.141464, 0.0514835, -4.537093, -4.635391, -0.44048738, 3.53064, 1.3554834, -5.631025, 0.5671939},
    {-0.30441147, 0.23636156, -0.05123108, 0.38401717, 0.33082753, -0.19710517, -0.3942176, -0.44669545, -0.03822871},
    {-8.906049, 0.29809457, 4.1356726, 1.2649786, -0.59356034, -5.4139066, -0.71471035, 3.1661649, -0.8104612},
    {0.45359308, -0.27791166, 0.36186475, 0.18534744, 0.08913887, -0.30249727, -0.22648743, -0.13277256, 0.17818165},
    {-5.737092, 0.708029, 2.1657555, 0.7484797, -0.2270632, -2.665038, -0.4364128, 2.0070024, -0.37696266},
    {-10.061215, -3.2523446, -10.393154, 2.2445276, 2.4009032, 1.1390978, -5.109535, -1.7879425, 1.0880758},
    {-10.719782, -0.641428, 2.1509056, 1.9046034, 1.1868908, -5.0953126, -2.7461119, 2.2590566, 0.14995657},
    {4.0454674, 1.5308523, 3.112182, -7.0115314, -6.215713, -1.4754273, 2.235165, -0.98797673, -2.2336257},
    {-8.140161, -1.131189, -5.002171, 1.3075151, 1.429983, 0.9253329, -3.6810584, -0.04222209, 0.85841715},
    {3.2792993, -0.665633, -3.2705333, -4.1739535, -0.47755492, 3.1360195, 1.451244, -4.521025, 0.5788278},
    {0.3605029, 0.25446564, 0.18751651, -0.2591985, -0.27915803, 0.34902275, -0.11902395, -0.48133639, -0.32453078},
    {-0.2866083, -0.056938, -0.05378027, -0.1252114, -0.17424385, 0.14302754, 0.05651405, 0.05788145, 0.04171765},
};